/camera:
  camera_matrix:
    rows: 3
    cols: 3
    data: [478.3854, 0, 331.9190, 0, 478.5842, 226.7371, 0, 0, 1]
  distortion_coefficients:
    rows: 1
    cols: 5
    data: [-0.4085, 0.1536, 6.157666674460974e-04, -0.0017, 0.0]
  image_size: [640, 480]